100
680.375488
-211.234131
566.198486
596.880127
823.294800
-604.897217
-329.554504
536.459229
-444.450562
107.939941
-45.205872
257.741821
-270.431030
26.801880
904.459473
832.390137
271.423462
434.593872
-716.794922
213.937744
-967.398865
-514.226440
-725.536865
608.353516
-686.641846
-198.111206
-740.419128
-782.382385
997.848999
-563.486206
25.864868
678.224487
225.279663
-407.936768
275.104492
48.574341
-12.833984
945.550049
-414.966431
542.715454
53.489868
539.827759
-199.542786
783.058838
-433.370544
-295.083313
615.449097
838.052979
-860.489441
898.654053
51.990723
-827.888306
-615.572266
326.453857
780.465210
-302.214172
-871.657349
-959.953918
-84.596497
-873.808350
-523.440063
941.268188
804.416138
701.839600
-466.668457
79.520752
-249.586060
520.497437
25.070801
335.447510
63.212891
-921.439331
-124.724792
863.670166
861.619629
441.904663
-431.413147
477.068604
279.957642
-291.902649
375.722778
-668.051636
-119.790955
760.150391
658.402222
-339.325745
-542.063660
786.744873
-299.279602
373.339722
912.936401
177.280273
314.608154
717.352661
-120.880188
847.939575
-203.126648
629.533813
368.437012
821.944092
